{
    "chibiArmatureScale": {
        "x": 0.30000001192092898,
        "y": 0.30000001192092898,
        "z": 0.30000001192092898
    },
    "chibiHeadScale": {
        "x": 2.700000047683716,
        "y": 2.700000047683716,
        "z": 2.700000047683716
    },
    "chibiUpperLegScale": {
        "x": 0.6000000238418579,
        "y": 0.6000000238418579,
        "z": 0.6000000238418579
    },
    "chibiYOffset": 0.5,
    "screenInteractionRadius": 30.0,
    "holdDuration": 2.0
}